Principal               $20,000.00
Interest                   12.0000
Term                           240
Payment                    $220.22

Num  Beginning Balance        Payment         Interest     Principle Applied    End Balance
---  -----------------     -------------    ------------   -----------------    -----------
  1          20,000.00           $220.22          200.00               20.22      19,979.78
  2          19,979.78           $220.22          199.80               20.42      19,959.36
  3          19,959.36           $220.22          199.59               20.63      19,938.73
  4          19,938.73           $220.22          199.39               20.83      19,917.90
  5          19,917.90           $220.22          199.18               21.04      19,896.86
  6          19,896.86           $220.22          198.97               21.25      19,875.61
  7          19,875.61           $220.22          198.76               21.46      19,854.15
  8          19,854.15           $220.22          198.54               21.68      19,832.47
  9          19,832.47           $220.22          198.32               21.90      19,810.57
 10          19,810.57           $220.22          198.11               22.11      19,788.46
 11          19,788.46           $220.22          197.88               22.34      19,766.12
 12          19,766.12           $220.22          197.66               22.56      19,743.56
 13          19,743.56           $220.22          197.44               22.78      19,720.78
 14          19,720.78           $220.22          197.21               23.01      19,697.77
 15          19,697.77           $220.22          196.98               23.24      19,674.53
 16          19,674.53           $220.22          196.75               23.47      19,651.06
 17          19,651.06           $220.22          196.51               23.71      19,627.35
 18          19,627.35           $220.22          196.27               23.95      19,603.40
 19          19,603.40           $220.22          196.03               24.19      19,579.21
 20          19,579.21           $220.22          195.79               24.43      19,554.78
 21          19,554.78           $220.22          195.55               24.67      19,530.11
 22          19,530.11           $220.22          195.30               24.92      19,505.19
 23          19,505.19           $220.22          195.05               25.17      19,480.02
 24          19,480.02           $220.22          194.80               25.42      19,454.60
 25          19,454.60           $220.22          194.55               25.67      19,428.93
 26          19,428.93           $220.22          194.29               25.93      19,403.00
 27          19,403.00           $220.22          194.03               26.19      19,376.81
 28          19,376.81           $220.22          193.77               26.45      19,350.36
 29          19,350.36           $220.22          193.50               26.72      19,323.64
 30          19,323.64           $220.22          193.24               26.98      19,296.66
 31          19,296.66           $220.22          192.97               27.25      19,269.41
 32          19,269.41           $220.22          192.69               27.53      19,241.88
 33          19,241.88           $220.22          192.42               27.80      19,214.08
 34          19,214.08           $220.22          192.14               28.08      19,186.00
 35          19,186.00           $220.22          191.86               28.36      19,157.64
 36          19,157.64           $220.22          191.58               28.64      19,129.00
 37          19,129.00           $220.22          191.29               28.93      19,100.07
 38          19,100.07           $220.22          191.00               29.22      19,070.85
 39          19,070.85           $220.22          190.71               29.51      19,041.34
 40          19,041.34           $220.22          190.41               29.81      19,011.53
 41          19,011.53           $220.22          190.12               30.10      18,981.43
 42          18,981.43           $220.22          189.81               30.41      18,951.02
 43          18,951.02           $220.22          189.51               30.71      18,920.31
 44          18,920.31           $220.22          189.20               31.02      18,889.29
 45          18,889.29           $220.22          188.89               31.33      18,857.96
 46          18,857.96           $220.22          188.58               31.64      18,826.32
 47          18,826.32           $220.22          188.26               31.96      18,794.36
 48          18,794.36           $220.22          187.94               32.28      18,762.08
 49          18,762.08           $220.22          187.62               32.60      18,729.48
 50          18,729.48           $220.22          187.29               32.93      18,696.55
 51          18,696.55           $220.22          186.97               33.25      18,663.30
 52          18,663.30           $220.22          186.63               33.59      18,629.71
 53          18,629.71           $220.22          186.30               33.92      18,595.79
 54          18,595.79           $220.22          185.96               34.26      18,561.53
 55          18,561.53           $220.22          185.62               34.60      18,526.93
 56          18,526.93           $220.22          185.27               34.95      18,491.98
 57          18,491.98           $220.22          184.92               35.30      18,456.68
 58          18,456.68           $220.22          184.57               35.65      18,421.03
 59          18,421.03           $220.22          184.21               36.01      18,385.02
 60          18,385.02           $220.22          183.85               36.37      18,348.65
 61          18,348.65           $220.22          183.49               36.73      18,311.92
 62          18,311.92           $220.22          183.12               37.10      18,274.82
 63          18,274.82           $220.22          182.75               37.47      18,237.35
 64          18,237.35           $220.22          182.37               37.85      18,199.50
 65          18,199.50           $220.22          182.00               38.22      18,161.28
 66          18,161.28           $220.22          181.61               38.61      18,122.67
 67          18,122.67           $220.22          181.23               38.99      18,083.68
 68          18,083.68           $220.22          180.84               39.38      18,044.30
 69          18,044.30           $220.22          180.44               39.78      18,004.52
 70          18,004.52           $220.22          180.05               40.17      17,964.35
 71          17,964.35           $220.22          179.64               40.58      17,923.77
 72          17,923.77           $220.22          179.24               40.98      17,882.79
 73          17,882.79           $220.22          178.83               41.39      17,841.40
 74          17,841.40           $220.22          178.41               41.81      17,799.59
 75          17,799.59           $220.22          178.00               42.22      17,757.37
 76          17,757.37           $220.22          177.57               42.65      17,714.72
 77          17,714.72           $220.22          177.15               43.07      17,671.65
 78          17,671.65           $220.22          176.72               43.50      17,628.15
 79          17,628.15           $220.22          176.28               43.94      17,584.21
 80          17,584.21           $220.22          175.84               44.38      17,539.83
 81          17,539.83           $220.22          175.40               44.82      17,495.01
 82          17,495.01           $220.22          174.95               45.27      17,449.74
 83          17,449.74           $220.22          174.50               45.72      17,404.02
 84          17,404.02           $220.22          174.04               46.18      17,357.84
 85          17,357.84           $220.22          173.58               46.64      17,311.20
 86          17,311.20           $220.22          173.11               47.11      17,264.09
 87          17,264.09           $220.22          172.64               47.58      17,216.51
 88          17,216.51           $220.22          172.17               48.05      17,168.46
 89          17,168.46           $220.22          171.68               48.54      17,119.92
 90          17,119.92           $220.22          171.20               49.02      17,070.90
 91          17,070.90           $220.22          170.71               49.51      17,021.39
 92          17,021.39           $220.22          170.21               50.01      16,971.38
 93          16,971.38           $220.22          169.71               50.51      16,920.87
 94          16,920.87           $220.22          169.21               51.01      16,869.86
 95          16,869.86           $220.22          168.70               51.52      16,818.34
 96          16,818.34           $220.22          168.18               52.04      16,766.30
 97          16,766.30           $220.22          167.66               52.56      16,713.74
 98          16,713.74           $220.22          167.14               53.08      16,660.66
 99          16,660.66           $220.22          166.61               53.61      16,607.05
100          16,607.05           $220.22          166.07               54.15      16,552.90
101          16,552.90           $220.22          165.53               54.69      16,498.21
102          16,498.21           $220.22          164.98               55.24      16,442.97
103          16,442.97           $220.22          164.43               55.79      16,387.18
104          16,387.18           $220.22          163.87               56.35      16,330.83
105          16,330.83           $220.22          163.31               56.91      16,273.92
106          16,273.92           $220.22          162.74               57.48      16,216.44
107          16,216.44           $220.22          162.16               58.06      16,158.38
108          16,158.38           $220.22          161.58               58.64      16,099.74
109          16,099.74           $220.22          161.00               59.22      16,040.52
110          16,040.52           $220.22          160.41               59.81      15,980.71
111          15,980.71           $220.22          159.81               60.41      15,920.30
112          15,920.30           $220.22          159.20               61.02      15,859.28
113          15,859.28           $220.22          158.59               61.63      15,797.65
114          15,797.65           $220.22          157.98               62.24      15,735.41
115          15,735.41           $220.22          157.35               62.87      15,672.54
116          15,672.54           $220.22          156.73               63.49      15,609.05
117          15,609.05           $220.22          156.09               64.13      15,544.92
118          15,544.92           $220.22          155.45               64.77      15,480.15
119          15,480.15           $220.22          154.80               65.42      15,414.73
120          15,414.73           $220.22          154.15               66.07      15,348.66
121          15,348.66           $220.22          153.49               66.73      15,281.93
122          15,281.93           $220.22          152.82               67.40      15,214.53
123          15,214.53           $220.22          152.15               68.07      15,146.46
124          15,146.46           $220.22          151.46               68.76      15,077.70
125          15,077.70           $220.22          150.78               69.44      15,008.26
126          15,008.26           $220.22          150.08               70.14      14,938.12
127          14,938.12           $220.22          149.38               70.84      14,867.28
128          14,867.28           $220.22          148.67               71.55      14,795.73
129          14,795.73           $220.22          147.96               72.26      14,723.47
130          14,723.47           $220.22          147.23               72.99      14,650.48
131          14,650.48           $220.22          146.50               73.72      14,576.76
132          14,576.76           $220.22          145.77               74.45      14,502.31
133          14,502.31           $220.22          145.02               75.20      14,427.11
134          14,427.11           $220.22          144.27               75.95      14,351.16
135          14,351.16           $220.22          143.51               76.71      14,274.45
136          14,274.45           $220.22          142.74               77.48      14,196.97
137          14,196.97           $220.22          141.97               78.25      14,118.72
138          14,118.72           $220.22          141.19               79.03      14,039.69
139          14,039.69           $220.22          140.40               79.82      13,959.87
140          13,959.87           $220.22          139.60               80.62      13,879.25
141          13,879.25           $220.22          138.79               81.43      13,797.82
142          13,797.82           $220.22          137.98               82.24      13,715.58
143          13,715.58           $220.22          137.16               83.06      13,632.52
144          13,632.52           $220.22          136.33               83.89      13,548.63
145          13,548.63           $220.22          135.49               84.73      13,463.90
146          13,463.90           $220.22          134.64               85.58      13,378.32
147          13,378.32           $220.22          133.78               86.44      13,291.88
148          13,291.88           $220.22          132.92               87.30      13,204.58
149          13,204.58           $220.22          132.05               88.17      13,116.41
150          13,116.41           $220.22          131.16               89.06      13,027.35
151          13,027.35           $220.22          130.27               89.95      12,937.40
152          12,937.40           $220.22          129.37               90.85      12,846.55
153          12,846.55           $220.22          128.47               91.75      12,754.80
154          12,754.80           $220.22          127.55               92.67      12,662.13
155          12,662.13           $220.22          126.62               93.60      12,568.53
156          12,568.53           $220.22          125.69               94.53      12,474.00
157          12,474.00           $220.22          124.74               95.48      12,378.52
158          12,378.52           $220.22          123.79               96.43      12,282.09
159          12,282.09           $220.22          122.82               97.40      12,184.69
160          12,184.69           $220.22          121.85               98.37      12,086.32
161          12,086.32           $220.22          120.86               99.36      11,986.96
162          11,986.96           $220.22          119.87              100.35      11,886.61
163          11,886.61           $220.22          118.87              101.35      11,785.26
164          11,785.26           $220.22          117.85              102.37      11,682.89
165          11,682.89           $220.22          116.83              103.39      11,579.50
166          11,579.50           $220.22          115.80              104.42      11,475.08
167          11,475.08           $220.22          114.75              105.47      11,369.61
168          11,369.61           $220.22          113.70              106.52      11,263.09
169          11,263.09           $220.22          112.63              107.59      11,155.50
170          11,155.50           $220.22          111.56              108.66      11,046.84
171          11,046.84           $220.22          110.47              109.75      10,937.09
172          10,937.09           $220.22          109.37              110.85      10,826.24
173          10,826.24           $220.22          108.26              111.96      10,714.28
174          10,714.28           $220.22          107.14              113.08      10,601.20
175          10,601.20           $220.22          106.01              114.21      10,486.99
176          10,486.99           $220.22          104.87              115.35      10,371.64
177          10,371.64           $220.22          103.72              116.50      10,255.14
178          10,255.14           $220.22          102.55              117.67      10,137.47
179          10,137.47           $220.22          101.37              118.85      10,018.62
180          10,018.62           $220.22          100.19              120.03       9,898.59
181           9,898.59           $220.22           98.99              121.23       9,777.36
182           9,777.36           $220.22           97.77              122.45       9,654.91
183           9,654.91           $220.22           96.55              123.67       9,531.24
184           9,531.24           $220.22           95.31              124.91       9,406.33
185           9,406.33           $220.22           94.06              126.16       9,280.17
186           9,280.17           $220.22           92.80              127.42       9,152.75
187           9,152.75           $220.22           91.53              128.69       9,024.06
188           9,024.06           $220.22           90.24              129.98       8,894.08
189           8,894.08           $220.22           88.94              131.28       8,762.80
190           8,762.80           $220.22           87.63              132.59       8,630.21
191           8,630.21           $220.22           86.30              133.92       8,496.29
192           8,496.29           $220.22           84.96              135.26       8,361.03
193           8,361.03           $220.22           83.61              136.61       8,224.42
194           8,224.42           $220.22           82.24              137.98       8,086.44
195           8,086.44           $220.22           80.86              139.36       7,947.08
196           7,947.08           $220.22           79.47              140.75       7,806.33
197           7,806.33           $220.22           78.06              142.16       7,664.17
198           7,664.17           $220.22           76.64              143.58       7,520.59
199           7,520.59           $220.22           75.21              145.01       7,375.58
200           7,375.58           $220.22           73.76              146.46       7,229.12
201           7,229.12           $220.22           72.29              147.93       7,081.19
202           7,081.19           $220.22           70.81              149.41       6,931.78
203           6,931.78           $220.22           69.32              150.90       6,780.88
204           6,780.88           $220.22           67.81              152.41       6,628.47
205           6,628.47           $220.22           66.28              153.94       6,474.53
206           6,474.53           $220.22           64.75              155.47       6,319.06
207           6,319.06           $220.22           63.19              157.03       6,162.03
208           6,162.03           $220.22           61.62              158.60       6,003.43
209           6,003.43           $220.22           60.03              160.19       5,843.24
210           5,843.24           $220.22           58.43              161.79       5,681.45
211           5,681.45           $220.22           56.81              163.41       5,518.04
212           5,518.04           $220.22           55.18              165.04       5,353.00
213           5,353.00           $220.22           53.53              166.69       5,186.31
214           5,186.31           $220.22           51.86              168.36       5,017.95
215           5,017.95           $220.22           50.18              170.04       4,847.91
216           4,847.91           $220.22           48.48              171.74       4,676.17
217           4,676.17           $220.22           46.76              173.46       4,502.71
218           4,502.71           $220.22           45.03              175.19       4,327.52
219           4,327.52           $220.22           43.28              176.94       4,150.58
220           4,150.58           $220.22           41.51              178.71       3,971.87
221           3,971.87           $220.22           39.72              180.50       3,791.37
222           3,791.37           $220.22           37.91              182.31       3,609.06
223           3,609.06           $220.22           36.09              184.13       3,424.93
224           3,424.93           $220.22           34.25              185.97       3,238.96
225           3,238.96           $220.22           32.39              187.83       3,051.13
226           3,051.13           $220.22           30.51              189.71       2,861.42
227           2,861.42           $220.22           28.61              191.61       2,669.81
228           2,669.81           $220.22           26.70              193.52       2,476.29
229           2,476.29           $220.22           24.76              195.46       2,280.83
230           2,280.83           $220.22           22.81              197.41       2,083.42
231           2,083.42           $220.22           20.83              199.39       1,884.03
232           1,884.03           $220.22           18.84              201.38       1,682.65
233           1,682.65           $220.22           16.83              203.39       1,479.26
234           1,479.26           $220.22           14.79              205.43       1,273.83
235           1,273.83           $220.22           12.74              207.48       1,066.35
236           1,066.35           $220.22           10.66              209.56         856.79
237             856.79           $220.22            8.57              211.65         645.14
238             645.14           $220.22            6.45              213.77         431.37
239             431.37           $220.22            4.31              215.91         215.46
240             215.46           $217.61            2.15              215.46            .00
                           -------------    ------------   -----------------
                Totals        $52,850.19      $32,850.19          $20,000.00
------------------------------------------------------------------------------------------

